1.0 9563733.33094 9563733.33094 9563733.33094
2.0 51758054.2541 42194320.9231 32630587.5922
3.0 130625495.752 78867441.4977 36673120.5746
4.0 246434379.352 115808883.601 36941442.1029
5.0 399226154.526 152791775.173 36982891.5727
6.0 589011317.466 189785162.94 36993387.7668
7.0 815793427.698 226782110.232 36996947.2921
8.0 1079573945.41 263780517.712 36998407.4795
9.0 1380353555.09 300779609.684 36999091.9725
10.0 1718132610.88 337779055.781 36999446.097
11.0 2092911310.39 374778699.516 36999643.7353
12.0 2504689770.78 411778460.387 36999760.8703
13.0 2953468064.93 448778294.152 36999833.765
14.0 3439246240.08 485778175.151 36999880.9993
15.0 3962024327.9 522778087.816 36999912.6652
16.0 4521802350.23 559778022.335 36999934.5191
17.0 5118580322.55 596777972.319 36999949.9841
18.0 5752358256.04 633777933.489 36999961.1696
19.0 6423136158.95 670777902.906 36999969.417
20.0 7130914037.46 707777878.508 36999975.6023
21.0 7875691896.28 744777858.821 36999980.3124
22.0 8657469739.04 781777842.769 36999983.9483
23.0 9476247568.6 818777829.559 36999986.7898
24.0 10332025387.2 855777818.594 36999989.0356
25.0 11224803196.6 892777809.423 36999990.8286
26.0 12154580998.3 929777801.697 36999992.2736
27.0 13121358793.5 966777795.145 36999993.4482
28.0 14125136583.0 1003777789.56 36999994.4105
29.0 15165914367.8 1040777784.76 36999995.2047
30.0 16243692148.4 1077777780.62 36999995.8646
31.0 17358469925.4 1114777777.04 36999996.4164
32.0 18510247699.4 1151777773.92 36999996.8805
33.0 19699025470.6 1188777771.19 36999997.273
34.0 20924803239.4 1225777768.8 36999997.6067
35.0 22187581006.1 1262777766.69 36999997.8917
36.0 23487358770.9 1299777764.83 36999998.1363
37.0 24824136534.1 1336777763.18 36999998.3471
38.0 26197914295.8 1373777761.71 36999998.5294
39.0 27608692056.2 1410777760.39 36999998.6878
40.0 29056469815.4 1447777759.22 36999998.8259
41.0 30541247573.5 1484777758.17 36999998.9467
42.0 32063025330.8 1521777757.22 36999999.0526
43.0 33621803087.1 1558777756.36 36999999.1459
44.0 35217580842.7 1595777755.59 36999999.2283
45.0 36850358597.6 1632777754.89 36999999.3012
46.0 38520136351.9 1669777754.26 36999999.3659
47.0 40226914105.6 1706777753.68 36999999.4235
48.0 41970691858.7 1743777753.16 36999999.4748
49.0 43751469611.4 1780777752.68 36999999.5208
50.0 45569247363.6 1817777752.24 36999999.5619
51.0 47424025115.5 1854777751.84 36999999.5989
52.0 49315802866.9 1891777751.47 36999999.6322
53.0 51244580618.1 1928777751.13 36999999.6622
54.0 53210358368.9 1965777750.82 36999999.6893
55.0 55213136119.4 2002777750.54 36999999.7138
56.0 57252913869.7 2039777750.27 36999999.7361
57.0 59329691619.7 2076777750.03 36999999.7563
58.0 61443469369.5 2113777749.8 36999999.7746
59.0 63594247119.1 2150777749.6 36999999.7914
60.0 65782024868.5 2187777749.4 36999999.8066
61.0 68006802617.8 2224777749.22 36999999.8206
62.0 70268580366.8 2261777749.06 36999999.8334
63.0 72567358115.7 2298777748.9 36999999.8451
64.0 74903135864.5 2335777748.76 36999999.8558
65.0 77275913613.1 2372777748.62 36999999.8657
66.0 79685691361.6 2409777748.5 36999999.8747
67.0 82132469110.0 2446777748.38 36999999.8831
68.0 84616246858.3 2483777748.27 36999999.8908
69.0 87137024606.4 2520777748.17 36999999.8979
70.0 89694802354.5 2557777748.07 36999999.9045
71.0 92289580102.5 2594777747.98 36999999.9105
72.0 94921357850.4 2631777747.9 36999999.9162
73.0 97590135598.2 2668777747.82 36999999.9214
74.0 1.00295913346e+11 2705777747.75 36999999.9262
75.0 1.03038691094e+11 2742777747.68 36999999.9307
76.0 1.05818468841e+11 2779777747.61 36999999.9349
77.0 1.08635246589e+11 2816777747.55 36999999.9388
78.0 1.11489024336e+11 2853777747.49 36999999.9424
79.0 1.14379802084e+11 2890777747.44 36999999.9457
80.0 1.17307579831e+11 2927777747.39 36999999.9489
81.0 1.20272357578e+11 2964777747.34 36999999.9518
82.0 1.23274135326e+11 3001777747.3 36999999.9545
83.0 1.26312913073e+11 3038777747.25 36999999.9571
84.0 1.2938869082e+11 3075777747.21 36999999.9595
85.0 1.32501468567e+11 3112777747.17 36999999.9617
86.0 1.35651246315e+11 3149777747.14 36999999.9638
87.0 1.38838024062e+11 3186777747.1 36999999.9658
88.0 1.42061801809e+11 3223777747.07 36999999.9676
89.0 1.45322579556e+11 3260777747.04 36999999.9694
90.0 1.48620357303e+11 3297777747.01 36999999.971
91.0 1.5195513505e+11 3334777746.98 36999999.9725
92.0 1.55326912797e+11 3371777746.96 36999999.974
93.0 1.58735690544e+11 3408777746.93 36999999.9753
94.0 1.62181468291e+11 3445777746.91 36999999.9766
95.0 1.65664246037e+11 3482777746.89 36999999.9778
96.0 1.69184023784e+11 3519777746.87 36999999.9789
97.0 1.72740801531e+11 3556777746.85 36999999.98
98.0 1.76334579278e+11 3593777746.83 36999999.981
99.0 1.79965357025e+11 3630777746.81 36999999.9819
100.0 1.83633134772e+11 3667777746.79 36999999.9828
101.0 1.87337912518e+11 3704777746.78 36999999.9837
102.0 1.91079690265e+11 3741777746.76 36999999.9845
103.0 1.94858468012e+11 3778777746.75 36999999.9852
104.0 1.98674245759e+11 3815777746.73 36999999.986
105.0 2.02527023505e+11 3852777746.72 36999999.9866
106.0 2.06416801252e+11 3889777746.71 36999999.9873
107.0 2.10343578999e+11 3926777746.69 36999999.9879
108.0 2.14307356745e+11 3963777746.68 36999999.9885
109.0 2.18308134492e+11 4000777746.67 36999999.989
110.0 2.22345912239e+11 4037777746.66 36999999.9895
111.0 2.26420689985e+11 4074777746.65 36999999.99
112.0 2.30532467732e+11 4111777746.64 36999999.9905
113.0 2.34681245479e+11 4148777746.63 36999999.9909
114.0 2.38867023225e+11 4185777746.62 36999999.9913
115.0 2.43089800972e+11 4222777746.62 36999999.9917
116.0 2.47349578718e+11 4259777746.61 36999999.9921
117.0 2.51646356465e+11 4296777746.6 36999999.9925
118.0 2.55980134212e+11 4333777746.59 36999999.9928
119.0 2.60350911958e+11 4370777746.59 36999999.9932
120.0 2.64758689705e+11 4407777746.58 36999999.9935
121.0 2.69203467451e+11 4444777746.57 36999999.9938
122.0 2.73685245198e+11 4481777746.57 36999999.9941
123.0 2.78204022945e+11 4518777746.56 36999999.9943
124.0 2.82759800691e+11 4555777746.56 36999999.9946
125.0 2.87352578438e+11 4592777746.55 36999999.9948
126.0 2.91982356184e+11 4629777746.55 36999999.9951
127.0 2.96649133931e+11 4666777746.54 36999999.9953
128.0 3.01352911677e+11 4703777746.54 36999999.9955
129.0 3.06093689424e+11 4740777746.53 36999999.9957
130.0 3.1087146717e+11 4777777746.53 36999999.9959
131.0 3.15686244917e+11 4814777746.52 36999999.9961
132.0 3.20538022663e+11 4851777746.52 36999999.9962
133.0 3.2542680041e+11 4888777746.52 36999999.9964
134.0 3.30352578156e+11 4925777746.51 36999999.9966
135.0 3.35315355903e+11 4962777746.51 36999999.9967
136.0 3.40315133649e+11 4999777746.51 36999999.9969
137.0 3.45351911396e+11 5036777746.5 36999999.997
138.0 3.50425689142e+11 5073777746.5 36999999.9971
139.0 3.55536466889e+11 5110777746.5 36999999.9973
140.0 3.60684244635e+11 5147777746.5 36999999.9974
141.0 3.65869022382e+11 5184777746.49 36999999.9975
142.0 3.71090800128e+11 5221777746.49 36999999.9976
143.0 3.76349577875e+11 5258777746.49 36999999.9977
144.0 3.81645355621e+11 5295777746.49 36999999.9978
145.0 3.86978133368e+11 5332777746.48 36999999.9979
146.0 3.92347911114e+11 5369777746.48 36999999.998
147.0 3.97754688861e+11 5406777746.48 36999999.9981
148.0 4.03198466607e+11 5443777746.48 36999999.9982
